20 20 20 20 20 20 20 20 20 20 18 18 18 18 20 20 18 18 18 20 20 18 20 20 20 20 20 20 18 20 20 20 18 18 18 20 20 18 20 20 18 20 20 18 20 20 18 18 18 18 20 18 20 20 20 18 18 20 18 20 20 18 20 20 18 20 20 18 20 18 18 20 20 18 18 18 20 18 18 20 18 20 20 18 20 18 20 20 18 18 20 18 18 20 18 18 20 18 18 18 18 20 20 20 20 18 18 18 20 20 20 20 18 20 20 18 18 18 18 18 20 20 18 20 20 20 20 18 20 20 18 20 18 20 18 18 20 18 18 18 18 20 18 18 20 20 20 18 20 20 20 20 20 20 18 18 20 18 20 18 18 20 20 20 20 20 18 
20 18 18 20 20 18 18 18 20 20 18 20 20 20 18 20 20 18 20 20 20 18 18 18 20 20 18 18 20 20 18 18 18 18 20 18 18 20 18 20 20 18 20 20 20 18 20 18 20 20 18 20 20 20 18 18 18 20 18 18 20 18 18 20 20 20 20 18 20 18 20 18 20 18 20 18 18 18 20 18 20 18 20 20 20 18 18 20 20 18 18 18 18 18 20 20 20 18 18 18 18 18 18 18 18 18 18 20 18 18 20 18 18 18 18 18 20 20 18 18 20 18 18 20 18 18 20 20 20 20 18 18 18 20 18 18 18 18 18 20 20 20 20 20 20 20 20 18 18 20 20 20 20 20 18 18 20 18 18 20 20 18 20 20 18 18 18 
18 20 18 18 18 18 20 20 20 20 20 20 20 20 18 18 20 20 18 18 20 18 20 20 18 20 18 20 18 20 20 18 18 18 20 18 18 20 18 18 18 18 18 20 18 20 20 18 20 18 20 20 20 20 18 18 20 20 18 18 20 18 18 18 18 20 18 18 18 18 18 20 20 20 18 18 20 20 18 18 20 20 18 20 20 18 20 20 18 20 18 20 18 20 20 20 20 20 18 20 18 20 18 20 20 20 20 18 20 20 20 18 18 20 18 18 20 18 18 18 20 20 20 20 20 18 18 18 20 18 18 18 18 18 20 18 18 18 20 18 20 20 18 18 18 20 18 20 20 20 18 18 18 18 18 18 18 20 20 20 20 20 18 18 20 20 18 
20 20 18 20 18 18 18 20 20 20 18 20 18 20 20 20 20 20 18 20 20 18 20 20 20 18 20 18 18 18 18 18 20 18 18 18 20 20 20 18 18 20 18 18 20 18 20 18 20 20 20 20 18 20 20 18 18 18 20 18 18 18 20 18 18 18 20 20 20 18 20 18 20 18 20 20 18 18 18 20 18 18 18 20 18 20 18 20 20 20 20 20 18 18 18 18 20 18 18 20 18 18 18 18 20 18 18 20 18 20 20 20 18 20 18 20 18 20 18 18 18 18 18 20 18 20 18 20 20 20 18 20 18 18 20 20 20 18 18 20 18 20 18 20 20 20 18 18 18 18 18 18 20 20 18 18 18 18 20 18 20 20 18 18 18 18 18 
20 20 20 18 18 20 20 20 18 18 20 18 18 20 20 20 20 18 20 18 20 20 20 18 18 20 18 18 20 20 20 20 18 20 18 20 18 18 18 18 20 20 20 18 20 20 18 18 20 20 18 18 18 18 18 20 20 20 20 20 18 18 20 20 20 18 18 18 20 20 18 20 20 20 18 18 20 18 18 20 18 20 20 20 18 18 18 18 18 18 18 18 20 18 18 20 20 18 20 18 18 20 20 18 20 20 18 20 20 18 18 20 18 20 20 18 18 18 18 18 18 20 18 18 20 18 18 20 18 18 20 20 20 20 18 20 20 18 18 20 20 20 20 20 18 18 20 18 18 20 20 20 20 20 20 18 18 18 18 20 20 18 18 20 18 18 20 
18 20 20 20 20 20 20 20 18 20 20 20 18 18 18 20 18 20 20 20 18 20 18 18 20 18 20 20 18 20 18 20 20 18 20 20 20 18 18 20 18 18 20 18 20 18 18 20 18 20 20 20 20 18 20 20 18 20 18 18 18 20 18 20 18 20 18 20 20 18 18 18 18 20 18 20 20 18 18 18 18 20 20 18 20 20 20 18 20 18 20 18 20 18 20 20 18 20 18 20 20 18 18 18 20 20 20 20 18 20 20 20 20 18 18 20 18 20 18 20 20 20 18 18 20 20 18 18 18 18 20 20 18 18 20 18 18 18 20 18 18 20 20 20 18 18 18 18 20 20 20 18 18 20 20 18 18 18 18 18 18 18 20 18 20 20 20 
20 20 18 20 20 18 18 18 20 18 20 18 18 18 20 20 20 20 20 18 18 18 18 18 20 18 20 20 20 18 18 18 20 18 20 20 20 20 20 18 18 18 20 20 20 18 20 18 18 20 20 18 20 18 20 18 18 20 20 18 20 18 20 20 20 18 18 18 18 20 18 20 18 18 20 20 20 20 18 18 18 18 20 18 20 20 18 20 18 20 18 18 18 18 18 20 18 18 18 18 18 18 18 20 20 18 20 20 18 18 18 20 18 20 18 18 18 20 18 18 18 20 20 20 18 20 18 20 18 18 20 20 18 20 18 18 18 20 18 18 18 18 18 20 18 18 18 20 20 18 20 20 20 20 18 20 20 18 20 18 20 18 18 18 20 20 18 
20 20 20 18 18 20 20 18 20 18 20 20 20 18 18 20 20 18 18 18 18 18 20 20 18 20 20 18 20 20 20 18 20 20 20 18 18 18 18 20 20 18 18 20 20 18 20 18 18 20 18 20 20 18 20 18 20 20 20 18 20 18 18 20 20 18 20 20 18 20 18 18 18 20 20 20 18 18 20 20 20 18 20 20 20 18 20 18 18 18 18 18 18 18 20 18 20 20 20 20 20 18 20 20 18 20 18 20 20 18 18 20 18 18 18 18 18 18 18 18 20 18 20 18 20 20 20 20 20 20 18 18 20 20 20 20 20 18 20 18 18 18 18 20 18 18 20 18 18 20 18 20 20 18 20 18 20 20 18 18 18 20 20 18 20 20 20 
18 20 18 20 20 20 20 20 18 18 18 20 20 20 20 18 20 18 20 20 20 20 18 20 18 20 18 18 20 18 20 20 20 20 18 18 18 18 18 18 18 20 20 18 18 20 20 18 18 18 20 20 20 18 20 18 20 18 20 20 18 18 20 18 20 18 20 18 18 20 20 20 18 18 18 20 18 18 18 18 18 20 18 18 20 20 18 20 18 20 18 20 18 20 20 20 18 18 18 18 20 20 20 18 20 18 18 20 20 20 20 20 18 20 20 18 20 20 20 18 20 20 18 18 20 18 18 18 18 18 18 18 18 20 18 20 20 20 18 20 20 20 20 18 20 18 18 18 18 18 20 18 18 20 18 18 18 18 20 20 20 18 18 18 20 20 18 
20 18 18 18 20 20 18 20 18 18 18 18 20 18 18 18 18 18 18 18 20 18 20 18 18 20 20 18 20 18 18 20 20 18 20 18 18 18 20 18 20 18 20 20 20 20 18 20 18 20 20 18 18 20 20 20 20 20 20 20 18 18 20 20 18 18 18 20 20 20 20 18 18 18 18 20 18 20 18 18 20 20 20 18 20 18 20 20 18 18 20 18 20 18 18 20 20 20 18 20 20 20 18 20 18 18 18 18 18 18 20 20 18 18 18 20 18 18 18 20 18 20 18 20 18 20 20 18 18 20 18 20 18 20 18 20 18 18 18 18 20 18 20 18 18 20 20 20 18 18 18 18 18 20 18 20 18 18 20 20 20 20 18 20 20 18 20 
20 18 20 20 18 20 20 20 20 18 18 18 18 20 18 20 20 18 18 20 20 20 20 18 18 20 20 20 18 20 18 18 20 20 20 20 20 20 18 20 20 20 18 18 20 18 18 18 20 18 18 18 18 18 20 20 18 18 20 18 20 18 18 20 20 18 20 20 18 18 20 18 20 20 18 20 18 20 18 20 18 20 18 18 20 20 20 20 20 18 20 18 20 20 20 18 18 18 18 18 20 18 20 18 20 18 20 20 18 20 20 18 20 20 20 18 20 18 18 18 18 18 18 20 18 18 20 18 18 20 20 20 20 20 20 18 18 20 18 20 18 20 18 20 20 18 20 20 18 18 20 18 20 18 18 20 20 18 20 18 20 18 18 18 20 20 20 
20 18 20 20 18 20 18 20 20 18 20 20 18 18 20 18 20 20 18 18 18 18 18 18 18 18 18 18 18 20 18 18 18 20 18 20 18 20 18 20 20 20 18 18 18 20 20 20 18 20 20 18 20 18 20 20 20 18 20 18 18 20 20 18 20 20 18 20 18 18 20 18 20 18 18 18 20 20 18 18 20 20 18 20 20 18 18 18 20 20 20 18 18 18 18 18 20 20 18 20 18 18 18 18 20 20 7 7 18 18 20 18 20 20 18 20 18 20 20 18 20 18 20 18 20 18 18 18 20 20 18 18 20 20 18 20 18 18 20 20 20 20 18 18 20 20 18 20 18 18 18 18 18 18 20 20 20 18 18 18 20 18 18 20 18 20 20 
20 20 20 20 18 18 20 20 18 18 18 18 20 20 20 18 18 20 18 20 20 18 18 20 18 18 18 18 18 18 20 18 18 20 20 20 20 18 20 18 18 20 20 20 18 20 20 20 18 20 18 20 20 20 18 20 20 20 20 20 18 20 20 20 20 18 18 20 18 20 18 20 18 20 18 20 20 20 18 18 18 18 18 20 18 18 18 18 18 20 18 20 18 18 20 20 18 20 20 20 18 20 20 20 7 7 8 8 7 20 18 20 18 18 18 20 18 20 18 18 18 20 18 18 18 20 20 18 20 18 18 20 18 18 18 20 18 18 20 18 20 20 20 20 18 20 20 20 20 18 18 20 18 18 18 20 18 18 18 20 18 20 18 20 20 20 20 
20 20 18 18 20 20 18 18 20 20 18 20 18 18 18 20 18 20 20 18 20 20 20 20 20 20 18 18 18 18 18 18 20 20 18 20 18 20 20 20 18 18 20 18 18 20 20 18 20 20 18 18 18 20 20 18 18 18 18 20 20 18 20 18 18 18 20 18 20 18 18 20 18 18 20 20 20 18 18 20 20 18 20 20 18 18 20 18 20 20 20 20 20 20 18 20 18 20 18 18 18 20 18 7 8 8 8 8 8 7 18 20 20 20 20 20 20 20 20 20 20 20 18 20 20 20 18 18 18 18 20 18 18 18 18 18 20 18 20 18 18 18 20 18 20 20 18 20 18 20 20 18 20 18 18 20 18 20 18 20 20 20 20 20 20 20 18 
20 20 20 18 20 18 20 18 20 20 20 20 18 20 20 20 20 18 20 18 18 18 18 20 18 20 18 18 18 18 20 18 18 20 20 18 18 18 18 18 20 20 18 20 20 18 18 20 18 18 18 20 18 18 20 18 18 20 20 18 18 18 18 20 20 18 18 18 20 18 18 18 18 20 20 20 20 18 20 20 18 20 20 20 20 20 20 18 20 20 18 18 20 20 18 18 20 20 20 18 18 7 7 8 8 8 8 8 7 20 18 20 20 20 20 18 20 18 18 20 18 18 18 20 18 20 20 20 20 18 20 20 18 18 18 20 18 18 18 18 18 18 20 18 18 18 20 18 18 18 20 18 20 18 20 18 20 18 18 18 18 20 20 20 18 18 18 
20 18 20 20 18 20 18 20 20 20 18 20 18 20 20 18 20 18 18 20 18 20 20 20 18 20 20 18 20 20 18 18 20 20 18 20 18 20 18 18 18 20 20 18 20 18 18 20 20 20 18 18 18 20 20 20 18 20 18 20 20 18 18 20 18 20 20 20 20 20 20 18 20 18 18 20 18 20 18 18 20 18 18 20 18 18 18 20 20 20 20 20 20 20 18 20 20 20 18 20 7 8 8 9 9 8 8 8 7 7 20 20 20 20 18 20 20 20 18 20 20 20 18 18 18 18 20 18 20 18 18 20 20 18 18 18 18 20 20 20 18 18 18 18 20 20 18 18 20 20 18 20 18 20 20 20 20 20 18 20 18 20 20 20 20 18 20 
18 18 18 20 18 18 18 18 20 18 20 20 18 20 18 20 18 20 18 18 20 20 18 20 20 18 20 20 18 18 20 18 20 20 20 20 18 20 20 18 20 20 20 20 20 18 18 20 20 20 18 20 18 18 20 20 18 20 20 18 18 20 20 18 20 18 20 18 20 18 20 20 18 20 18 20 20 18 20 18 18 20 18 20 18 20 18 20 18 18 18 18 18 18 20 20 20 18 20 7 8 8 9 9 9 9 8 8 7 8 7 20 18 20 20 18 18 20 18 20 18 20 20 20 18 18 18 18 18 20 18 20 18 18 20 20 18 18 20 20 20 20 18 20 20 20 18 20 20 18 20 20 20 18 20 20 18 20 20 18 20 18 20 20 20 18 18 
20 20 20 20 20 20 18 20 20 20 20 18 18 18 18 20 20 20 18 18 20 18 20 20 18 18 18 18 20 20 20 18 18 20 20 20 20 20 20 18 18 18 18 18 18 20 20 18 18 20 18 20 18 18 18 18 20 20 18 20 20 20 18 18 20 20 18 20 18 20 20 20 18 18 20 18 18 18 20 20 20 20 18 20 18 20 18 18 20 20 20 18 20 18 20 20 18 20 20 7 8 8 9 9 9 8 8 8 8 8 7 20 20 18 18 20 20 18 20 20 20 18 18 18 20 20 18 18 20 18 18 18 18 18 18 18 18 20 18 20 20 18 18 18 20 20 20 20 18 20 18 18 18 18 18 20 18 20 20 20 20 18 18 18 20 18 18 
20 18 18 20 20 20 20 20 20 18 20 20 20 20 20 18 20 20 18 20 20 18 18 20 18 18 18 18 20 20 18 20 18 18 18 18 20 20 18 20 18 18 18 18 20 20 20 20 18 20 20 18 18 20 18 20 20 20 18 18 20 20 18 20 18 20 20 18 18 20 18 20 20 18 20 18 20 18 20 18 20 20 18 18 20 20 18 18 20 20 20 20 18 18 18 20 18 18 7 8 8 9 10 10 10 9 8 8 8 8 7 18 20 18 18 20 18 20 18 18 18 18 18 20 18 20 18 20 20 18 20 20 18 20 18 18 18 18 18 20 18 20 20 20 20 18 18 20 20 20 18 18 20 18 18 20 18 18 20 18 18 18 20 18 20 20 18 
20 20 20 18 20 20 20 20 20 18 18 20 20 18 18 20 20 20 18 18 18 20 20 20 20 20 18 18 20 18 18 18 20 20 18 20 18 20 18 20 20 20 18 18 20 18 18 20 18 20 18 20 18 20 18 20 18 20 20 20 18 20 20 18 18 18 20 18 18 20 18 18 20 20 20 20 20 18 20 18 20 18 18 20 20 18 18 20 20 18 18 18 18 18 20 18 18 18 7 8 8 9 10 10 11 10 9 8 8 8 8 7 20 18 18 18 18 20 20 18 20 20 18 18 20 18 18 18 20 20 18 18 18 20 18 18 20 18 18 20 18 18 18 18 20 20 18 20 18 20 20 18 20 18 20 18 18 20 20 18 18 18 18 18 18 20 18 
18 18 18 20 18 18 18 18 18 20 18 18 18 18 20 18 20 20 20 18 18 20 20 20 20 20 20 20 18 20 20 20 20 18 20 20 18 18 18 20 18 18 18 18 18 18 18 18 18 18 20 18 20 20 20 18 20 18 20 20 18 20 20 18 18 18 18 20 18 20 20 18 18 20 18 20 18 20 18 20 18 18 18 20 18 18 20 20 20 20 20 20 18 18 20 20 18 7 8 8 8 9 10 10 10 10 9 8 8 8 7 18 18 20 18 18 20 18 20 18 18 20 18 18 18 18 18 20 18 18 18 20 20 20 20 20 18 20 20 20 18 18 18 20 20 20 18 20 18 20 20 18 20 20 20 18 18 20 18 18 18 18 20 20 18 20 20 
20 20 18 20 20 20 20 20 18 20 20 18 20 20 18 18 20 20 20 20 20 20 20 20 18 18 20 18 18 18 20 18 20 20 18 18 20 18 20 20 18 20 18 20 18 18 20 18 18 18 20 20 20 18 20 20 20 20 20 18 18 20 18 18 18 20 18 18 18 18 20 20 20 20 20 18 18 18 20 18 20 20 18 18 18 18 18 18 20 20 18 20 18 20 20 20 7 8 8 9 9 9 10 10 10 9 8 8 8 7 20 20 18 18 18 20 20 18 20 18 20 18 18 20 20 18 18 18 18 18 18 18 20 18 18 20 20 20 18 18 20 18 20 18 18 18 18 20 18 20 20 18 20 18 7 18 20 20 18 20 20 18 18 18 20 20 20 
20 20 20 18 18 18 20 18 20 18 20 18 18 20 20 18 20 20 20 18 18 20 18 18 20 18 20 20 20 18 18 20 20 20 18 20 20 20 20 20 20 18 18 20 18 20 20 20 20 18 20 20 20 20 18 20 18 18 18 20 18 18 18 20 18 18 20 20 20 18 18 18 20 18 20 18 18 18 20 20 18 18 20 18 18 18 20 20 20 20 18 18 20 18 18 20 7 8 9 9 9 9 10 10 10 9 8 7 7 20 18 18 20 18 18 20 18 18 18 20 18 18 18 20 18 18 18 20 20 20 18 20 20 20 18 20 18 20 20 20 18 20 18 18 20 18 18 18 20 20 7 18 20 7 8 7 18 20 20 18 18 20 18 18 20 18 18 
18 18 18 20 18 20 20 20 18 18 18 18 20 18 18 20 20 20 20 18 18 20 18 20 18 20 20 20 20 20 20 20 20 18 20 18 20 20 18 18 18 20 18 20 20 18 18 20 18 20 18 20 20 18 18 20 20 20 18 20 20 18 18 18 18 18 18 18 20 18 18 18 18 18 18 20 20 20 20 18 18 18 18 20 20 20 20 20 18 20 18 20 18 20 18 18 7 8 9 9 9 9 9 10 9 8 8 7 18 20 20 20 18 18 18 20 20 20 18 18 20 18 20 18 18 18 18 20 20 18 18 18 20 20 20 18 18 20 18 18 20 18 20 18 18 20 20 20 20 7 8 7 7 7 8 7 20 18 20 20 20 18 18 18 18 20 20 
20 20 20 20 20 18 20 18 20 18 20 18 18 20 18 18 20 20 18 20 18 20 20 18 18 20 20 18 18 20 18 20 20 18 20 20 20 20 20 20 20 18 18 18 20 18 18 18 18 20 20 20 20 20 18 18 18 20 20 20 20 18 18 18 20 18 20 18 18 18 18 18 18 20 18 20 20 18 20 18 18 20 18 18 18 18 20 18 20 20 18 18 20 20 18 7 8 8 9 9 9 9 9 9 9 8 8 7 20 18 20 18 18 20 18 18 18 18 20 20 20 18 18 18 18 18 20 20 18 20 20 18 18 18 18 18 18 20 20 20 18 18 18 20 18 18 20 20 7 8 8 8 8 8 8 8 7 20 18 18 18 20 18 20 20 18 18 
20 18 20 18 18 18 18 20 18 18 20 20 20 20 20 20 20 20 20 20 18 18 20 20 20 20 20 20 18 18 18 18 18 20 18 20 20 18 20 20 20 18 20 20 18 18 20 18 18 18 20 18 20 18 18 20 18 20 18 18 20 18 20 18 18 20 18 18 18 20 20 20 18 20 20 18 18 18 18 18 20 18 18 20 18 20 20 18 20 20 18 18 20 20 18 20 7 8 8 9 9 9 9 9 9 8 7 18 20 20 20 18 18 18 20 18 20 18 18 20 20 20 20 20 18 18 20 18 18 18 20 18 20 18 18 18 18 18 20 20 18 20 18 20 20 18 18 18 20 7 8 8 8 8 8 8 7 18 20 20 20 18 20 20 18 20 20 
20 20 18 18 20 20 18 20 20 20 20 20 20 18 18 20 18 18 18 20 20 18 18 20 20 18 18 18 18 20 20 20 20 18 20 20 18 20 20 20 18 18 20 18 20 18 18 20 20 20 18 18 18 18 18 20 20 20 20 18 20 20 20 20 20 18 20 20 20 18 18 20 20 20 18 18 20 20 18 18 18 18 20 18 18 18 18 20 18 18 18 20 20 20 20 20 18 7 8 8 9 9 9 9 8 8 7 20 18 20 18 18 20 18 20 20 18 18 18 18 20 18 20 18 20 20 18 18 18 20 20 20 18 7 20 18 18 20 18 18 20 18 20 20 20 18 20 18 18 7 8 8 8 8 8 8 7 20 20 18 18 18 20 20 18 18 20 
18 20 20 18 18 20 18 20 20 20 18 18 20 18 18 20 20 20 20 18 18 20 20 20 20 18 18 20 20 20 18 20 20 20 20 20 20 20 18 7 7 18 20 20 20 20 18 20 20 18 18 20 20 20 18 20 18 20 18 18 18 18 18 20 18 18 18 18 20 18 18 20 18 20 18 18 20 18 20 20 18 18 20 20 20 20 18 20 20 18 20 18 20 18 20 20 7 8 8 8 8 9 8 9 8 8 7 18 18 18 20 18 18 18 18 18 20 20 20 20 18 18 18 18 20 18 20 20 20 20 20 18 7 8 7 20 20 20 20 18 20 20 20 20 18 20 18 20 18 7 8 8 8 8 8 8 8 7 20 18 18 20 18 18 20 18 18 
20 20 20 20 20 20 20 20 18 18 18 18 20 20 18 18 18 18 20 18 20 18 20 18 20 18 18 20 18 18 20 20 7 7 7 7 20 18 7 8 8 7 18 20 20 18 20 18 20 18 20 20 18 20 20 18 20 20 20 20 18 18 20 18 18 20 18 18 20 20 20 18 20 20 18 18 20 18 20 20 18 18 20 20 18 20 18 20 18 20 18 18 18 18 18 7 8 8 8 8 8 8 8 8 8 8 7 18 20 18 20 20 20 20 18 18 20 20 20 18 20 20 18 20 18 18 20 18 18 18 20 7 8 8 8 7 18 20 20 7 7 7 18 20 18 18 20 18 7 8 8 8 8 8 9 8 7 18 18 18 18 18 18 20 18 20 20 
20 20 20 18 18 18 18 20 20 20 20 20 20 18 20 20 18 18 20 18 20 18 20 20 20 18 20 18 18 18 7 7 8 8 8 8 7 7 8 8 8 7 20 18 20 20 18 20 20 18 20 18 18 20 20 18 20 18 18 20 20 18 18 20 18 18 18 20 18 20 20 20 20 20 18 18 18 18 18 20 20 20 18 18 18 18 18 20 20 18 20 18 18 20 20 20 7 8 8 7 7 8 8 8 8 8 8 7 20 18 20 20 18 18 20 20 20 20 18 18 18 20 18 18 20 20 20 18 18 20 7 8 8 8 8 8 7 7 7 8 8 8 7 18 20 18 7 7 8 8 8 8 8 8 9 8 8 7 18 20 20 18 18 20 20 18 20 
20 20 20 20 20 20 20 18 20 18 20 18 20 18 18 20 20 20 20 18 20 20 18 18 20 20 18 20 18 7 8 8 8 8 9 9 8 8 8 8 8 7 20 20 18 18 20 18 20 18 18 18 20 18 18 18 18 20 18 18 18 20 20 18 18 18 18 18 20 18 20 18 18 20 18 20 20 20 20 20 18 18 20 20 18 18 20 20 18 20 18 20 20 18 20 18 18 7 7 20 18 7 8 8 8 8 7 20 20 18 18 18 18 20 20 20 20 18 18 20 20 18 20 18 20 18 18 18 20 20 7 7 8 9 8 8 8 8 8 8 8 8 8 7 18 7 8 7 7 8 8 8 8 9 9 9 8 7 20 18 18 18 20 20 20 20 18 
18 20 20 20 20 20 18 20 20 18 20 20 20 18 20 18 18 20 18 20 18 18 20 20 20 18 18 18 7 8 8 8 9 9 9 10 9 9 9 8 8 7 20 18 20 18 20 20 20 18 20 18 20 18 18 20 18 18 20 18 18 20 18 18 20 18 20 18 18 18 20 18 18 20 18 18 18 20 20 18 20 20 20 18 20 18 18 18 20 20 18 18 20 20 20 20 18 20 18 20 20 7 8 8 8 7 20 20 20 18 20 18 18 20 18 20 20 18 18 18 20 18 20 18 20 20 20 20 18 7 8 8 8 9 8 8 8 9 9 8 8 8 7 18 7 8 8 8 7 8 8 8 9 9 9 9 8 8 7 7 20 20 20 18 20 18 20 
20 18 20 18 18 20 20 20 18 18 20 18 20 20 18 18 18 20 18 18 18 18 18 20 20 18 18 20 7 8 8 9 9 9 10 10 10 9 9 9 8 7 20 18 18 20 18 20 18 20 18 18 18 18 18 20 20 20 20 20 18 18 18 20 18 18 18 18 20 20 20 20 18 18 18 18 18 18 20 20 20 20 20 20 20 18 18 18 18 18 18 20 20 20 20 18 20 18 18 20 20 18 7 8 7 20 20 20 18 18 18 18 20 18 20 20 18 20 20 18 20 18 18 20 20 20 20 18 7 8 8 8 8 9 8 8 9 9 9 9 8 7 7 7 8 8 9 9 8 8 8 9 9 10 9 9 8 8 7 8 7 20 20 18 20 18 20 
20 18 18 20 20 20 18 18 18 20 18 18 18 20 20 18 20 18 18 18 20 18 20 18 20 20 18 18 20 7 8 8 9 9 10 11 10 9 9 8 8 7 18 20 18 18 18 20 20 20 20 18 20 18 18 20 20 18 18 18 20 20 20 20 18 18 20 18 18 18 20 18 18 18 18 20 20 20 18 18 20 20 18 18 20 18 18 20 18 18 18 18 18 18 20 18 20 20 20 20 20 18 20 7 20 18 20 18 18 20 18 20 20 20 18 20 18 18 18 18 18 20 18 20 20 18 18 18 7 8 9 8 9 9 9 8 9 9 9 8 8 8 8 8 8 9 9 9 9 8 9 9 10 10 9 9 9 8 8 8 8 7 7 20 18 18 18 
20 18 20 18 18 18 18 20 20 18 20 20 18 18 18 20 20 20 20 18 18 20 18 20 20 18 20 18 20 18 7 8 8 8 9 10 9 8 8 8 8 7 18 20 20 18 20 18 20 18 18 18 18 18 18 18 20 20 20 18 18 18 18 18 20 18 20 18 20 18 18 20 20 18 20 18 18 20 18 18 18 20 18 20 18 20 20 20 20 20 18 18 18 18 20 18 20 20 20 20 18 18 18 18 18 20 20 18 20 20 20 20 18 18 18 20 20 18 20 18 18 20 18 18 18 20 18 7 8 8 9 9 9 9 9 9 9 9 9 8 8 8 8 8 8 9 9 9 8 9 10 10 10 10 10 9 9 9 8 8 8 8 8 7 20 20 18 
18 20 20 20 20 18 18 18 18 20 18 20 18 20 18 18 18 18 20 20 18 20 20 20 18 18 18 20 18 18 20 7 8 8 8 9 8 8 8 8 7 20 18 18 20 20 18 18 20 20 20 20 18 18 18 18 18 20 18 18 18 20 20 18 18 20 18 20 18 18 20 20 20 18 18 20 20 20 18 20 18 20 20 18 18 18 18 20 20 20 20 20 20 18 20 18 20 20 18 20 18 20 20 18 18 20 20 18 18 20 18 20 18 20 18 18 18 18 20 18 18 20 18 18 18 20 20 7 8 9 9 9 9 9 9 9 9 9 9 9 9 9 9 9 9 9 9 9 9 10 10 11 11 10 10 10 9 9 9 9 8 8 8 7 20 20 18 
20 18 18 18 18 18 18 20 18 20 20 20 20 20 20 18 20 20 20 20 18 20 20 18 18 18 20 20 20 20 18 7 8 7 8 8 8 7 7 7 20 20 20 20 20 20 18 20 20 18 18 20 18 18 18 18 18 18 20 18 20 20 18 20 20 18 20 20 18 18 20 18 18 18 18 18 20 18 18 20 18 20 18 18 18 18 18 18 18 18 18 20 18 20 18 20 18 18 20 18 20 18 18 18 20 20 18 20 20 18 20 18 18 18 20 18 20 20 18 20 18 18 20 18 20 18 20 7 8 9 9 9 9 9 9 9 9 9 9 9 9 9 9 10 10 10 9 9 9 10 11 11 11 11 11 10 10 9 9 9 8 8 8 7 18 18 18 
20 18 18 18 20 18 18 20 18 20 18 20 20 18 18 18 18 20 20 20 20 18 18 18 20 18 20 18 18 18 18 18 7 20 7 8 8 7 18 18 18 20 20 20 20 18 18 20 20 18 18 18 18 20 20 18 20 18 20 18 18 20 18 20 18 18 18 18 20 20 18 18 18 18 20 20 18 20 18 18 20 20 18 18 20 20 18 18 20 18 20 18 20 20 18 20 18 18 18 20 18 18 18 18 20 18 20 18 20 20 20 20 18 18 18 18 18 20 20 18 18 20 18 18 20 18 20 18 7 8 9 9 9 9 9 9 9 9 9 9 10 10 10 10 10 10 10 9 10 10 11 11 11 11 11 11 10 10 9 9 8 8 7 18 18 18 20 
20 18 18 20 20 20 18 20 20 18 20 18 20 20 18 18 20 20 18 20 20 18 20 18 18 20 18 18 18 18 18 18 20 18 20 7 7 18 18 20 20 20 18 20 18 18 20 18 18 18 18 20 20 20 20 18 18 20 20 18 18 18 18 18 20 20 20 20 18 18 18 18 20 18 18 20 20 20 20 18 18 18 20 18 20 20 18 18 18 18 20 18 20 20 20 20 18 20 20 20 20 18 18 20 20 20 18 20 20 20 20 18 20 18 20 18 20 18 20 18 20 20 18 20 18 18 18 7 8 9 9 9 9 9 9 8 9 9 9 10 10 10 10 10 10 10 9 9 10 10 11 11 11 11 11 11 11 10 9 9 9 8 7 18 20 20 20 
20 20 18 20 18 18 18 20 20 18 20 20 20 20 18 20 18 20 18 20 20 20 18 18 20 18 20 20 18 18 18 20 18 20 18 20 18 20 20 18 20 20 20 18 18 18 18 18 20 18 18 18 20 18 20 20 20 18 20 18 20 20 20 20 20 18 20 20 20 20 18 20 20 18 18 18 18 18 20 18 20 20 18 20 20 20 18 20 18 20 20 18 20 18 18 18 20 18 18 20 20 20 18 18 20 18 20 20 18 20 20 18 18 20 20 20 20 18 20 20 20 18 18 20 20 18 7 8 8 9 9 10 9 9 8 8 9 8 9 9 10 10 10 10 10 10 9 10 9 10 10 11 11 11 11 11 11 11 10 9 8 8 7 20 18 18 18 
20 18 20 20 18 18 18 20 18 18 20 20 18 20 18 18 18 18 20 18 18 20 20 20 18 20 18 20 18 20 18 18 18 18 18 18 18 18 18 18 20 18 18 18 18 20 18 20 18 18 18 20 20 18 18 18 18 18 20 20 20 20 20 20 20 18 18 20 18 18 20 18 20 20 18 18 20 20 18 20 18 20 18 18 20 20 20 20 18 20 18 18 20 20 20 20 18 18 20 18 18 18 20 18 18 20 18 20 20 20 18 18 20 18 20 20 20 20 18 20 18 20 18 18 20 20 7 8 8 8 9 10 10 9 9 8 8 8 9 9 9 9 10 10 10 10 10 10 10 10 11 11 11 11 11 11 11 10 10 9 8 8 7 20 20 18 18 
18 18 20 20 18 18 20 18 18 18 18 18 20 20 20 18 20 18 18 20 20 20 20 18 18 20 20 18 18 20 18 20 18 20 20 18 18 20 18 18 20 20 20 18 18 18 20 20 18 18 18 20 20 18 20 20 20 18 20 20 20 20 18 18 18 18 20 18 20 18 20 18 18 20 18 20 20 20 18 20 20 20 20 18 18 18 18 18 18 18 20 20 20 18 18 20 20 20 18 20 20 20 20 18 20 18 20 18 18 20 18 18 20 18 20 20 20 20 20 18 20 18 20 20 18 7 7 8 8 9 10 10 10 10 9 8 7 8 8 9 9 9 10 10 10 10 10 10 10 11 11 11 11 11 11 11 11 10 9 9 8 8 7 18 20 18 18 
20 18 18 18 20 18 18 18 20 20 18 18 18 18 18 18 18 18 20 20 18 18 18 20 20 20 20 20 20 20 18 18 18 20 18 18 18 20 18 20 18 18 18 18 18 20 20 20 20 18 18 18 20 20 20 20 18 20 18 20 18 20 20 18 18 18 20 18 18 20 20 20 20 18 20 20 20 20 18 20 20 18 18 18 18 20 18 20 18 18 18 20 18 18 18 20 18 20 18 20 18 18 20 18 20 20 18 18 20 20 20 18 20 18 18 18 20 18 18 18 20 20 20 18 7 8 8 8 9 9 10 10 10 9 9 8 7 7 8 8 9 10 10 10 10 10 10 10 10 10 11 11 11 11 10 10 10 10 9 8 8 8 8 7 20 18 18 
20 20 20 18 18 20 20 20 20 20 20 20 20 18 20 20 20 18 20 18 20 20 18 18 20 20 20 18 18 20 20 20 18 18 20 18 18 18 18 20 18 18 20 20 20 20 20 20 20 18 20 18 20 20 20 20 20 18 18 20 18 20 18 18 20 18 18 20 18 20 20 18 18 20 20 20 20 18 20 18 18 18 20 20 18 18 18 18 18 20 18 18 18 20 18 18 20 20 18 18 20 20 20 18 20 20 18 20 18 20 18 18 18 18 18 20 18 20 18 18 20 20 20 7 8 8 8 8 9 9 10 10 11 10 9 9 8 7 7 8 9 9 10 10 10 10 10 10 10 10 10 10 11 11 10 9 10 9 9 8 8 8 8 8 7 18 20 
18 20 18 20 18 20 20 20 18 18 18 20 18 18 18 20 20 20 20 20 18 18 20 20 18 18 20 20 18 18 18 18 20 18 20 18 18 18 20 20 18 20 18 20 20 18 20 20 20 20 20 18 18 18 20 20 20 18 18 20 18 20 18 20 18 20 18 20 18 18 18 18 18 18 18 18 20 20 18 18 18 18 18 18 20 18 20 18 20 18 18 20 18 18 20 18 20 20 20 18 18 20 20 20 18 20 20 20 20 18 20 20 20 20 18 18 20 20 20 18 18 20 20 20 7 8 8 9 9 9 10 10 10 9 9 8 7 18 7 8 8 9 10 10 10 10 9 10 9 10 9 9 10 10 10 9 9 9 8 8 8 8 8 8 7 18 18 
20 20 20 18 18 20 18 18 18 20 20 18 20 18 20 20 18 18 18 20 20 18 20 20 20 20 20 20 18 20 20 20 18 18 18 18 18 20 20 20 18 18 20 20 18 20 20 20 18 18 20 20 20 18 18 18 20 18 18 18 18 20 20 20 18 18 20 18 18 18 18 20 18 18 18 18 20 20 20 20 20 18 18 18 20 20 18 20 18 20 18 18 18 20 18 18 20 20 18 20 18 20 18 18 18 20 20 20 18 18 18 20 20 20 20 18 20 20 20 20 20 18 18 20 20 7 8 9 9 10 10 10 10 9 9 8 7 18 7 8 9 9 9 10 10 9 9 9 9 9 9 9 9 9 9 9 9 9 8 8 7 8 8 8 8 7 18 
18 18 18 20 20 20 18 20 20 20 18 20 18 18 20 18 18 20 18 20 20 20 20 18 18 20 18 18 18 20 18 20 20 18 20 20 18 20 20 20 18 18 20 20 20 20 20 20 20 18 18 20 18 20 18 18 18 20 18 18 18 18 18 18 18 18 20 20 20 18 20 18 18 18 18 18 20 20 20 20 20 20 18 20 18 18 18 18 20 18 18 18 18 20 18 20 20 18 20 18 20 18 20 18 20 20 18 18 20 20 20 20 20 18 18 18 20 18 18 20 18 20 18 20 18 18 7 8 9 9 10 9 9 9 9 8 7 20 18 7 8 9 9 9 9 8 8 9 8 9 9 9 9 9 9 9 9 8 8 8 7 7 8 8 8 7 18 
18 18 20 18 20 20 18 20 18 18 18 20 18 18 20 18 20 20 20 20 20 18 20 18 18 18 20 20 18 18 18 18 18 18 18 18 18 20 18 18 20 18 18 18 18 18 20 18 20 20 20 20 20 20 18 20 18 20 20 18 18 20 18 18 18 18 18 20 18 18 18 20 20 20 18 20 18 18 18 20 18 20 20 18 20 18 20 20 18 20 18 20 20 20 18 20 20 20 18 20 20 20 20 18 20 18 20 18 20 18 18 18 20 20 20 20 20 20 18 20 20 20 20 20 20 20 7 8 8 9 9 8 9 8 8 7 18 20 20 20 7 8 8 9 8 8 8 8 8 9 9 9 9 9 9 8 8 8 8 7 8 7 7 8 7 20 20 
20 20 20 20 20 20 20 20 20 18 20 20 20 20 18 18 18 18 20 18 18 18 20 18 18 20 18 20 20 20 20 20 18 18 18 18 18 20 18 20 18 18 18 20 20 20 18 20 20 20 20 18 20 18 20 20 20 18 18 20 20 18 20 20 20 18 18 18 20 18 18 20 18 20 18 20 18 18 18 20 18 20 18 18 20 20 20 20 20 20 18 18 20 18 18 18 20 18 20 18 18 20 20 20 20 20 20 18 18 18 20 18 20 18 20 18 18 20 20 20 18 20 18 20 20 18 7 8 8 8 8 8 8 7 7 20 20 18 18 18 18 7 8 8 8 8 8 8 8 9 9 9 9 9 9 8 8 8 8 7 8 7 18 7 18 20 18 
18 20 20 18 20 18 20 20 18 18 18 18 20 18 20 20 20 18 18 20 20 18 18 18 18 20 20 18 20 18 20 18 20 18 18 20 20 20 20 18 18 20 18 18 20 20 20 18 18 18 18 20 18 18 18 20 20 20 18 18 18 18 20 18 18 20 20 18 20 18 20 20 18 18 18 20 20 20 20 20 18 18 18 18 20 18 18 18 18 20 18 20 20 18 20 20 18 18 18 20 18 18 20 20 18 20 18 20 20 18 20 20 20 18 20 20 18 20 18 20 18 18 18 20 20 20 7 8 8 8 8 8 7 20 20 18 20 20 20 20 18 20 7 7 8 8 8 8 8 8 8 9 9 9 8 8 8 8 8 8 8 8 7 20 20 18 18 
20 18 18 18 18 18 20 18 20 18 20 20 20 18 18 18 20 20 20 20 20 20 18 20 18 20 20 20 20 20 18 20 20 20 20 20 18 18 20 20 20 20 20 20 18 18 18 20 18 20 20 18 18 20 18 18 20 18 20 20 18 20 20 18 20 20 20 18 18 20 18 20 18 18 18 18 18 20 18 18 20 18 18 18 18 18 20 20 18 18 18 20 18 18 20 18 20 18 18 20 18 18 20 18 18 20 20 18 20 18 18 18 20 20 20 20 20 18 20 20 18 20 18 20 20 18 18 7 7 7 8 7 20 20 20 18 20 18 20 18 18 7 8 8 7 7 7 8 8 8 9 9 9 9 8 8 8 9 9 8 8 8 7 18 20 18 18 
20 20 20 20 18 18 18 18 20 20 20 18 18 20 18 18 20 20 20 18 20 20 20 18 20 18 18 20 18 18 20 20 20 18 20 18 20 18 18 18 18 20 20 20 18 18 18 20 18 20 20 20 18 20 20 18 20 18 20 18 20 18 20 18 20 18 18 20 20 18 20 18 18 18 20 20 20 20 20 20 20 20 20 18 18 20 20 18 18 20 20 20 20 20 20 18 20 18 20 20 18 20 20 20 18 18 18 20 18 20 20 18 20 18 20 20 20 20 18 18 20 20 20 18 18 18 18 20 18 20 7 18 20 20 18 18 18 18 20 20 20 7 8 8 8 7 8 8 8 8 9 9 9 9 8 8 9 9 9 9 9 8 7 18 18 20 20 
20 20 18 20 18 20 20 20 20 20 20 20 20 20 18 20 18 18 18 20 20 18 18 20 20 18 20 20 20 18 18 20 18 18 18 20 18 20 18 20 18 18 18 20 18 18 20 18 18 18 20 18 20 20 18 20 20 20 20 20 20 18 18 20 18 20 20 20 20 18 20 18 20 20 18 18 18 20 20 18 20 18 18 20 18 18 20 18 20 20 18 20 20 20 20 20 18 20 18 20 20 18 20 18 18 18 20 18 18 18 20 18 20 20 18 20 20 20 18 20 18 20 20 18 20 18 20 18 20 20 20 18 18 20 20 18 18 18 18 20 7 8 8 8 8 8 8 8 8 9 9 9 9 9 9 9 9 10 10 9 9 9 8 7 20 18 20 
18 20 18 20 20 18 20 18 20 18 18 20 18 18 18 18 20 20 20 18 20 20 18 20 18 18 20 20 18 20 18 20 18 18 20 20 18 20 20 20 20 18 18 20 18 18 18 20 18 18 20 18 18 20 20 20 20 20 18 18 18 18 20 20 18 18 18 18 20 20 20 18 18 18 18 18 20 20 20 20 20 18 18 20 20 20 18 18 18 20 20 18 18 18 18 18 18 18 18 20 18 20 18 18 18 18 18 20 18 18 20 18 18 18 20 18 18 18 18 18 18 20 20 20 20 18 18 18 18 18 18 18 20 20 18 18 20 18 18 20 7 8 8 8 8 8 8 8 9 9 9 9 9 9 9 9 10 10 10 10 9 8 8 7 18 18 20 
18 18 20 18 20 18 18 20 20 20 18 20 18 20 20 20 20 20 20 18 20 18 20 20 20 20 20 20 18 18 20 20 18 18 18 18 20 20 20 18 18 20 20 18 20 20 20 20 18 20 20 20 20 20 18 20 20 20 18 20 18 20 20 20 18 20 18 20 18 18 18 18 20 20 18 20 18 18 18 20 20 18 20 20 18 20 18 20 18 18 20 20 20 18 18 20 18 18 18 20 20 18 18 20 20 20 18 20 20 20 18 18 20 20 18 20 18 18 18 18 20 18 18 18 18 20 20 18 18 20 20 20 18 18 20 20 20 18 20 18 18 7 8 8 8 8 8 9 9 9 9 9 8 8 9 9 10 11 10 9 9 8 7 18 18 18 18 
18 20 20 20 18 20 20 20 20 20 20 18 20 18 20 20 18 18 18 20 18 20 18 18 18 20 20 18 18 20 20 20 18 18 18 20 18 20 18 18 20 18 20 18 20 20 18 20 20 20 18 20 20 20 20 20 18 20 18 20 20 20 18 20 20 18 20 18 18 20 20 20 18 18 20 20 20 20 20 18 20 20 20 18 20 18 18 18 18 18 18 20 20 20 18 20 20 20 18 18 20 18 18 18 20 20 20 18 20 18 20 18 18 18 20 20 20 18 20 20 18 18 18 20 18 18 18 18 18 18 20 20 20 18 18 18 20 20 20 18 18 18 7 7 7 7 8 8 9 9 9 8 8 7 8 9 9 10 9 9 9 9 8 7 18 18 20 
20 18 18 20 20 20 20 18 20 18 20 18 18 20 18 20 20 20 20 20 18 20 18 20 20 20 18 18 18 18 18 18 20 20 18 18 18 18 20 20 20 18 18 18 20 20 20 20 20 18 18 18 18 18 20 18 20 20 20 18 20 20 20 18 18 18 20 20 18 18 20 20 18 18 18 20 18 20 20 18 20 18 18 18 18 20 18 18 18 20 18 18 20 20 18 18 20 18 20 18 20 18 20 20 18 18 18 18 18 20 18 20 18 20 20 18 20 18 18 20 18 20 20 20 20 20 20 20 18 20 18 20 18 18 20 18 18 20 20 20 18 20 20 20 18 18 7 8 8 8 8 8 7 7 8 8 9 9 9 8 9 8 8 7 18 18 18 
18 20 20 18 20 18 20 20 20 18 18 18 20 18 20 18 18 18 18 18 18 18 18 18 18 18 20 18 18 20 18 18 20 20 18 18 18 20 20 18 18 20 18 18 20 20 20 20 18 18 20 20 20 18 20 20 20 18 20 18 20 18 18 18 20 20 20 18 20 18 18 18 18 18 20 20 20 20 20 20 18 20 20 18 18 20 18 20 20 20 20 20 20 20 18 20 20 20 18 18 20 20 20 20 18 18 18 20 18 20 18 18 18 18 20 20 20 18 20 18 20 20 18 18 18 18 20 20 20 20 20 18 18 20 18 18 18 20 18 20 18 18 18 18 20 18 20 7 8 7 7 7 20 18 7 8 8 9 8 8 8 8 7 20 18 20 20 
20 20 20 20 18 20 20 20 18 20 20 20 20 20 18 20 18 18 20 20 20 20 18 18 18 20 18 18 20 20 20 18 18 20 20 20 20 20 20 18 20 18 20 20 20 18 18 20 18 18 20 18 20 20 18 18 18 18 18 20 18 20 20 18 18 18 20 18 18 20 20 18 20 20 20 18 18 18 18 18 18 18 18 20 18 18 20 18 18 20 18 18 18 20 18 20 20 20 18 18 18 20 20 18 20 20 18 18 18 20 20 18 18 18 20 20 18 18 18 20 18 20 18 20 18 18 18 18 20 20 20 20 18 18 20 18 18 18 20 18 18 20 18 20 20 18 20 18 7 18 20 20 18 18 18 7 8 8 8 8 8 7 18 18 20 18 18 
20 20 20 18 18 18 20 18 20 20 18 20 20 18 20 20 18 20 20 18 18 18 20 18 20 18 18 18 18 18 18 18 20 18 18 18 20 20 18 18 18 20 18 18 18 18 18 18 18 18 18 18 18 20 20 18 18 20 18 18 20 20 20 20 20 20 20 18 20 18 20 20 18 20 20 20 20 18 18 18 18 20 18 20 20 20 20 18 20 20 20 18 20 18 18 18 20 18 18 20 20 20 20 18 20 20 20 20 20 18 18 18 18 20 20 20 20 20 20 18 20 20 18 18 18 20 20 18 18 20 18 18 18 18 18 18 20 20 20 20 20 18 20 20 20 20 20 20 20 20 20 18 18 20 18 18 7 7 7 7 7 20 18 18 20 20 18 
18 18 20 20 20 18 20 18 18 20 20 20 20 18 20 18 18 20 18 18 20 18 20 18 18 20 18 18 18 20 18 20 18 20 20 18 20 18 20 18 20 18 18 20 20 20 18 20 20 18 18 18 20 20 18 20 18 20 20 20 18 18 18 20 18 18 20 18 18 20 18 18 18 18 20 18 20 18 20 18 20 20 20 18 18 18 20 18 20 20 20 20 18 18 20 20 20 18 20 20 20 20 18 20 18 20 18 18 20 18 18 18 20 20 20 20 20 20 18 18 20 20 18 18 18 18 18 20 20 18 18 20 18 18 18 18 20 20 20 18 18 20 20 20 20 20 20 18 20 18 20 18 18 18 18 18 18 18 20 20 18 18 18 20 18 18 20 
20 20 18 20 20 20 18 18 18 18 18 20 18 20 20 18 20 18 18 18 20 18 18 20 18 18 20 18 20 20 18 18 18 20 20 20 20 20 18 18 18 20 20 18 20 18 20 20 20 18 20 18 18 20 18 20 18 20 20 18 18 20 20 18 18 20 20 18 20 20 20 18 20 18 18 18 18 18 18 18 18 20 18 20 18 20 20 20 18 18 18 20 20 20 20 18 20 18 20 18 20 18 18 18 20 18 20 20 20 20 20 20 20 20 18 20 20 18 20 20 18 20 20 20 20 20 18 18 20 18 18 20 20 20 20 18 18 20 20 18 20 18 18 18 18 18 18 20 18 18 18 18 20 18 18 18 18 20 18 20 18 18 20 20 18 18 20 
18 20 18 18 20 20 18 20 20 18 20 20 20 20 20 18 20 20 18 18 20 18 18 18 18 20 20 20 18 20 20 20 18 20 20 20 18 18 20 20 18 18 20 20 18 18 20 18 18 18 20 18 18 18 18 20 20 18 20 18 18 20 20 18 20 20 20 18 18 18 18 20 18 18 20 20 18 18 18 20 18 18 20 20 18 20 20 18 18 20 18 18 20 18 18 20 20 20 20 20 20 18 18 18 18 18 20 18 20 20 20 20 18 20 18 18 18 18 20 20 20 18 18 20 18 20 18 20 18 18 20 18 20 18 18 18 20 20 18 18 20 20 18 20 18 18 20 20 20 20 18 20 18 18 18 18 18 20 18 18 20 18 18 20 18 18 20 
20 18 18 18 18 18 18 20 18 20 18 18 20 18 18 20 18 20 20 18 20 18 20 20 18 20 18 18 20 20 18 20 20 18 18 18 20 18 18 20 18 18 20 20 18 18 20 18 18 18 18 20 20 18 20 18 20 20 20 18 20 20 18 18 20 20 18 18 20 20 20 20 20 18 18 18 20 18 18 18 20 20 20 20 18 20 18 18 20 18 20 20 20 18 20 18 18 20 18 20 18 20 20 18 18 20 18 18 18 18 20 20 20 20 20 20 20 20 20 18 18 20 18 20 20 20 20 18 20 18 20 20 18 18 18 18 18 20 20 18 18 20 20 18 18 20 18 20 18 20 20 20 20 18 20 20 20 18 18 18 18 18 18 20 18 18 18 
20 20 20 20 18 20 18 18 20 20 20 20 18 20 18 18 18 20 20 20 18 20 20 20 20 20 18 18 20 18 18 20 20 20 20 18 20 18 20 20 20 20 20 18 20 18 18 20 18 18 20 18 18 18 20 18 18 20 7 18 18 20 20 18 20 20 18 18 20 20 18 18 18 20 20 20 18 18 18 20 18 18 18 20 20 18 20 18 20 20 18 18 18 18 20 20 20 20 18 18 20 20 20 20 18 18 20 18 18 18 20 18 20 20 18 18 18 18 20 18 18 18 18 20 18 18 18 20 18 20 18 20 20 18 18 18 18 18 18 18 20 20 18 20 18 18 18 18 18 20 18 18 20 18 18 20 20 18 18 18 20 18 18 18 20 18 18 
18 18 20 20 18 20 18 20 20 18 18 20 20 18 18 20 18 20 20 20 20 18 18 20 18 18 18 20 18 18 18 18 20 18 18 18 20 20 20 20 18 20 18 18 20 20 18 20 20 20 18 20 18 20 20 7 7 7 8 7 7 18 20 18 18 20 18 20 20 18 20 20 20 18 18 20 20 20 20 20 20 18 20 18 18 20 18 18 20 20 18 18 20 18 20 18 18 18 20 18 20 18 18 18 20 20 20 20 18 20 20 18 20 18 18 20 18 18 18 20 18 18 20 20 20 20 18 18 20 20 18 18 20 20 18 18 20 18 18 18 18 20 20 18 20 20 20 20 20 18 18 18 20 18 18 20 18 20 20 20 18 20 18 18 18 20 18 
18 18 20 18 20 20 20 20 18 18 20 18 20 18 20 18 20 20 18 20 18 18 20 18 18 20 18 20 18 18 20 20 18 20 20 18 18 18 18 18 18 20 18 18 20 20 20 20 18 20 18 20 18 18 7 8 8 8 8 8 8 7 20 20 20 18 18 18 20 18 20 20 18 20 20 20 20 18 18 20 18 20 20 20 18 20 18 20 20 18 20 20 18 20 18 20 20 20 18 20 20 18 18 20 18 18 18 18 20 20 18 18 18 20 20 20 18 20 18 20 20 18 20 20 20 20 20 18 20 18 18 20 18 20 20 18 18 20 18 20 18 18 20 18 20 20 20 18 20 18 20 18 20 20 20 18 18 20 20 20 18 20 20 20 18 18 20 
20 20 18 20 20 18 18 18 18 18 20 20 20 20 20 18 20 20 20 18 18 18 20 18 18 20 18 20 18 18 18 18 18 18 20 18 18 18 20 20 18 20 18 20 18 20 20 18 18 18 18 18 18 7 8 8 8 9 9 8 8 7 20 18 18 18 18 18 20 18 18 18 18 20 18 20 20 20 18 20 18 18 18 20 18 18 18 20 18 20 20 18 18 20 20 18 18 20 20 20 18 20 20 20 20 18 18 18 20 18 18 20 18 18 18 20 18 20 20 20 20 20 18 20 18 20 20 18 20 18 18 20 20 18 18 20 20 20 20 20 18 20 20 18 18 20 20 18 20 18 20 18 20 20 20 18 18 18 20 18 18 18 20 20 18 18 20 
20 18 20 18 20 18 20 20 18 18 18 18 20 18 20 20 20 18 20 20 18 18 20 18 18 18 18 18 18 20 20 18 18 18 18 18 20 18 20 20 18 20 20 18 20 20 18 18 18 20 18 20 20 7 8 8 9 9 9 9 8 7 20 20 18 18 20 18 20 18 20 20 20 20 18 20 18 20 18 18 20 18 18 20 18 20 18 18 20 18 18 18 20 20 18 18 18 20 18 18 18 20 18 18 20 18 20 18 18 18 20 18 18 18 20 20 18 20 20 20 18 20 18 18 20 20 18 18 18 20 20 18 20 18 20 18 20 20 18 20 20 18 20 20 18 20 18 18 20 20 20 20 20 18 18 20 20 20 20 18 20 20 20 20 18 18 20 
18 18 18 20 18 18 20 18 18 20 18 20 18 18 18 20 20 18 20 20 18 20 20 18 20 18 18 18 18 18 20 20 18 18 20 20 20 20 20 18 18 20 18 20 18 20 18 20 20 18 20 20 18 7 8 8 8 9 9 8 8 8 7 20 20 20 18 20 18 18 20 20 20 18 20 18 20 18 18 20 20 18 20 20 18 20 18 18 20 20 20 18 18 20 20 20 20 18 20 20 18 18 18 20 18 20 18 20 20 18 20 18 20 18 20 18 20 20 18 20 20 20 20 20 18 18 20 20 18 18 18 20 20 20 20 18 20 20 20 18 18 20 18 20 20 20 18 20 18 18 20 18 20 20 20 20 20 20 20 20 18 18 18 20 20 20 20 
18 20 20 20 18 18 18 20 20 20 18 18 20 18 18 20 18 18 20 20 18 20 18 20 20 18 20 20 20 20 20 18 20 18 20 20 20 18 20 20 18 18 18 20 20 18 20 18 20 20 20 18 7 8 8 8 9 9 9 9 8 8 8 7 20 7 20 20 18 18 20 18 18 18 20 20 18 18 20 18 20 20 18 20 20 20 18 18 18 18 20 20 20 18 20 18 18 18 18 18 18 18 20 18 18 18 18 20 20 18 18 20 20 18 20 18 18 18 20 18 18 20 18 18 18 20 18 18 18 20 18 20 18 18 20 20 20 20 20 18 18 20 18 20 20 20 18 20 20 20 18 18 18 18 20 20 18 18 18 18 18 20 18 20 18 18 18 
20 20 20 20 18 18 18 18 20 18 20 20 18 18 18 20 18 20 20 20 20 20 20 20 18 20 18 18 18 18 18 20 18 20 20 18 20 20 20 20 18 20 20 20 20 20 20 18 20 18 18 18 20 7 8 8 9 9 10 9 9 8 8 8 7 8 7 20 18 20 20 18 20 18 20 20 20 20 20 20 20 20 18 20 20 20 18 20 20 20 18 18 20 18 20 18 20 20 18 18 20 20 20 18 20 18 20 18 20 20 20 18 20 20 20 18 18 18 18 20 20 20 18 18 18 20 18 20 20 20 18 20 20 20 18 20 18 18 18 20 18 18 18 20 20 18 18 20 18 18 18 18 20 20 18 20 18 18 18 18 18 18 20 18 20 18 20 
20 18 18 18 20 20 18 18 20 20 20 18 20 20 20 18 20 20 20 20 20 18 20 18 18 18 18 18 18 18 18 20 18 18 18 20 20 20 20 20 18 18 20 20 18 20 18 18 18 18 20 20 18 7 8 8 9 10 11 10 9 9 8 8 8 8 8 7 20 18 20 18 20 20 20 20 20 20 20 20 18 18 18 20 20 20 20 20 20 20 20 20 20 20 18 20 20 20 18 20 18 20 18 20 18 18 20 18 20 18 20 20 20 20 18 18 20 20 20 18 18 18 20 20 18 18 18 18 18 18 18 20 20 18 18 18 18 20 18 20 20 20 20 20 18 20 18 18 20 20 18 20 18 18 18 18 20 18 20 18 20 20 18 20 18 18 18 
20 20 18 18 20 20 20 18 20 18 20 18 18 20 18 20 18 18 20 18 20 20 20 20 18 20 20 20 18 20 18 18 20 20 20 20 20 20 18 20 20 18 18 18 18 18 20 20 20 20 18 20 7 8 8 8 9 9 10 9 9 9 8 8 8 8 9 8 7 20 18 18 18 20 20 20 18 20 20 18 18 18 18 18 20 18 18 20 20 20 18 20 20 20 18 18 18 20 20 20 20 20 20 18 18 18 18 18 18 20 20 18 18 18 18 20 18 18 20 18 20 18 20 20 18 20 20 18 18 20 18 20 20 20 20 18 18 20 18 18 20 18 20 18 20 20 20 18 20 20 18 20 18 18 18 20 20 20 18 18 18 20 18 18 18 18 20 
20 20 20 18 20 20 20 18 20 18 18 18 20 20 18 20 20 20 20 18 18 20 20 18 20 20 18 18 18 20 20 20 20 18 20 18 18 20 20 18 20 20 20 18 18 18 18 18 20 18 20 20 18 7 8 9 9 9 9 9 9 9 9 8 8 9 9 9 8 7 20 20 18 20 18 18 20 20 20 18 18 20 18 18 20 18 18 20 18 18 18 20 20 18 20 18 18 18 20 20 18 18 18 18 18 20 18 18 18 20 18 20 18 18 18 18 20 18 18 20 20 20 20 20 18 20 18 20 20 18 18 18 18 18 20 20 20 18 20 18 18 18 18 18 20 18 20 18 20 20 20 18 20 18 20 20 18 20 18 18 18 18 18 20 20 20 20 
18 20 20 20 18 18 18 18 20 18 18 20 18 18 18 18 18 20 18 18 20 20 20 20 20 20 20 18 18 18 18 18 18 20 18 18 18 18 20 18 20 20 20 18 18 18 20 20 20 20 20 20 7 8 8 9 9 9 8 8 9 9 9 8 9 9 9 9 8 7 20 18 18 20 20 18 18 20 20 20 18 18 18 18 20 20 18 20 18 18 18 20 18 18 18 20 20 18 18 18 18 20 20 20 18 18 20 20 20 18 20 20 18 18 20 18 18 18 18 20 20 18 20 20 18 18 20 18 20 20 20 18 18 18 20 18 20 20 18 20 20 18 18 18 18 20 18 18 20 18 18 20 18 20 20 18 20 18 20 20 18 18 20 20 20 20 20 
18 18 18 20 18 18 18 18 20 20 20 20 18 18 18 18 18 18 20 20 20 20 18 20 18 18 20 20 18 18 18 20 20 20 20 20 18 18 18 18 20 18 20 20 18 18 18 20 18 18 20 7 8 8 9 9 9 9 8 8 9 9 9 9 9 9 9 9 9 8 7 20 20 20 20 18 18 20 18 20 20 18 18 20 20 18 20 18 18 20 18 18 18 18 20 18 20 18 20 18 18 18 18 18 18 20 20 18 18 20 20 20 20 20 18 20 20 20 20 20 18 20 20 20 20 18 20 20 20 20 18 20 18 18 20 20 20 18 20 20 20 20 18 20 18 18 20 18 18 18 18 20 20 18 20 20 18 20 18 18 18 18 20 20 18 20 18 
20 20 18 20 20 18 20 18 20 20 20 18 20 20 20 18 18 18 18 18 20 20 20 20 18 18 20 18 18 20 20 18 20 20 20 18 18 20 18 20 18 18 20 20 18 18 20 20 20 20 18 7 8 8 8 9 9 9 8 9 9 9 9 9 9 9 9 9 8 7 20 18 18 18 18 20 18 20 18 18 20 18 20 18 18 20 20 18 18 18 18 18 18 18 20 20 18 18 18 20 20 20 18 20 20 20 18 18 18 18 20 20 20 20 20 20 18 20 20 18 18 20 18 18 18 20 20 20 20 20 20 20 20 18 18 18 20 18 20 20 18 18 18 18 18 20 18 20 18 20 20 18 18 20 18 18 20 18 20 18 20 18 20 20 18 20 20 
18 20 20 20 18 20 18 20 20 18 20 18 20 18 20 20 20 20 20 20 18 18 18 20 20 18 18 18 20 20 18 18 18 18 18 18 20 20 18 18 18 20 20 18 20 18 18 18 20 20 18 20 7 8 8 8 8 8 8 8 9 9 9 9 9 9 9 8 7 18 18 18 18 20 18 18 18 18 20 18 18 18 18 20 20 18 20 18 18 18 18 18 20 20 18 18 18 18 20 20 20 20 18 20 18 18 20 20 18 18 18 20 18 18 20 20 18 18 18 20 18 18 20 18 20 18 20 18 20 18 20 18 20 18 20 18 20 18 18 18 20 20 20 18 18 20 18 20 20 20 20 20 20 20 18 20 18 20 18 20 18 20 20 18 18 18 20 
20 18 20 18 18 20 18 20 20 18 20 18 18 18 18 18 18 18 18 20 18 20 18 20 18 20 18 20 20 18 18 20 18 18 20 18 18 18 20 18 18 20 18 18 20 20 18 18 20 18 18 18 20 7 7 7 7 8 8 8 8 8 8 8 9 8 8 7 18 20 20 20 18 18 20 18 20 18 20 20 20 18 18 20 20 18 20 20 20 18 20 20 20 18 18 20 20 18 18 20 18 20 20 20 20 20 18 20 20 20 20 18 18 20 20 18 20 18 18 20 20 18 20 18 20 18 20 20 20 20 18 18 18 20 18 18 18 18 18 18 18 20 18 20 20 20 18 18 20 20 18 18 20 20 20 20 20 18 18 20 20 18 18 20 20 18 20 
18 20 20 20 18 20 20 20 20 20 20 18 20 20 20 20 18 20 20 20 18 20 20 20 18 18 18 18 18 20 18 20 20 18 20 20 18 20 18 18 18 20 20 20 20 20 20 18 20 20 20 18 18 18 20 18 7 8 7 8 7 8 8 8 8 7 7 18 18 18 20 18 18 20 18 18 18 20 20 20 18 20 18 20 20 20 18 20 18 20 20 20 18 20 18 20 18 20 18 18 20 18 20 20 20 20 18 20 20 18 18 20 20 20 20 18 20 18 20 20 18 18 20 20 20 20 20 18 18 18 18 18 20 18 18 20 20 18 18 18 18 18 20 18 20 20 20 20 18 18 20 20 20 20 18 20 18 20 18 18 20 20 18 18 20 20 18 
18 18 20 18 20 18 20 20 18 18 20 18 20 20 18 18 20 18 20 20 20 18 18 18 20 18 20 18 20 18 20 20 18 18 18 20 20 18 20 18 20 20 20 20 18 18 20 18 18 18 18 18 20 20 20 20 18 7 20 7 18 7 8 8 7 20 18 20 18 20 20 18 18 18 20 20 18 20 20 18 20 20 20 18 18 20 18 20 18 20 18 18 20 18 18 18 20 20 18 20 18 18 18 20 20 18 18 20 18 18 18 18 18 18 18 18 20 20 18 18 18 20 20 20 20 20 20 18 20 20 20 18 18 18 18 18 20 20 18 20 20 20 20 20 20 20 18 18 18 20 18 20 20 18 20 18 18 20 20 20 18 20 20 20 20 18 18 
20 18 20 18 18 18 18 18 20 18 20 20 18 20 20 18 20 20 18 20 18 18 18 18 18 18 20 18 18 18 20 20 18 20 20 20 20 20 20 20 18 18 20 18 18 20 18 20 18 18 20 18 20 18 20 20 20 18 18 20 7 8 8 8 7 18 18 20 18 18 18 18 18 20 20 20 18 18 18 20 20 20 20 18 18 20 20 20 18 20 18 18 20 20 18 18 20 18 18 20 20 18 20 18 20 18 18 18 20 20 20 20 20 20 18 18 18 18 18 18 18 20 20 20 20 18 20 18 18 18 20 18 18 18 18 18 18 18 20 18 18 18 20 20 20 18 20 20 20 20 18 18 20 18 20 18 20 18 18 20 20 20 18 20 20 18 18 
18 18 18 20 20 18 18 20 18 20 18 18 18 18 18 20 20 18 18 18 20 18 18 18 20 18 20 18 18 20 18 18 18 20 20 20 20 18 18 20 18 20 18 20 20 20 20 20 18 20 18 20 18 18 18 18 18 18 20 18 20 7 8 7 20 20 18 18 18 20 18 18 18 20 20 18 18 18 18 20 18 18 20 18 18 18 20 20 20 18 18 20 20 18 18 18 18 20 18 20 18 20 18 20 18 18 20 18 18 20 20 20 18 20 18 20 18 18 18 18 18 18 20 18 18 18 20 18 18 20 20 18 20 18 18 20 20 18 18 18 18 18 20 20 18 20 20 20 18 20 20 18 20 18 20 20 20 18 20 20 20 20 20 18 20 20 18 
20 20 20 20 20 20 20 18 18 18 20 18 20 18 20 20 18 18 20 20 20 18 18 20 18 20 18 18 20 20 20 20 18 20 20 20 20 18 20 20 18 20 20 18 18 18 20 18 20 20 18 20 20 18 18 20 18 18 20 18 18 18 7 20 18 18 18 18 20 18 18 18 20 20 18 20 18 18 18 18 18 18 20 20 18 18 20 18 18 18 20 18 18 20 20 18 18 18 20 20 20 20 18 20 18 20 18 20 18 18 18 18 20 20 18 18 20 18 20 18 18 20 18 18 20 20 18 18 20 20 20 18 20 20 20 20 20 20 18 18 20 18 20 20 20 18 18 18 18 18 20 18 18 20 20 18 20 20 20 20 18 20 18 20 20 20 20 
20 20 18 18 20 20 20 18 18 20 20 20 18 18 20 20 18 18 20 18 18 18 18 20 20 18 18 20 18 18 18 18 18 18 20 20 18 20 20 18 20 20 18 20 20 18 20 18 20 20 18 20 20 18 20 20 20 18 18 20 18 20 20 20 20 18 18 20 18 18 18 18 20 20 20 20 20 20 18 18 20 18 20 18 18 20 20 18 18 20 20 18 18 20 18 18 20 20 20 20 20 20 18 18 20 20 18 18 18 18 18 20 18 18 18 18 20 20 18 18 20 18 20 20 18 20 18 18 18 18 20 20 20 18 18 18 20 20 20 20 20 20 18 20 18 20 20 20 18 18 18 18 18 18 18 18 18 18 18 20 20 18 18 18 20 20 18 
18 20 20 18 18 20 18 18 18 20 20 18 20 20 18 20 20 18 18 18 18 20 20 18 18 20 18 18 20 18 20 18 18 20 18 18 18 18 20 20 18 18 18 20 18 18 20 18 18 18 18 20 18 18 18 18 18 18 20 18 18 18 18 20 18 18 20 18 18 18 20 18 18 20 18 20 18 20 20 20 20 18 20 18 18 18 18 20 20 18 20 18 18 18 18 20 20 20 20 20 18 20 20 20 18 20 20 18 18 18 18 20 18 18 20 18 18 18 18 18 20 18 18 18 20 18 20 20 20 18 18 20 18 18 20 20 18 20 20 18 18 20 18 20 20 20 18 18 18 20 20 18 18 18 18 20 18 20 20 18 20 20 18 20 20 18 18 
20 18 20 20 20 20 20 20 18 18 18 18 18 20 18 20 18 18 20 18 18 20 18 20 18 18 20 18 18 20 18 18 18 18 18 20 18 20 18 20 20 20 18 20 20 20 18 20 20 20 20 18 20 20 20 20 20 18 18 18 18 18 20 20 20 18 18 18 20 20 18 20 18 20 20 20 18 20 20 20 20 20 20 20 18 20 18 20 20 20 20 18 20 20 18 20 20 20 18 20 18 20 18 20 18 20 20 18 18 20 18 18 20 18 18 20 20 18 20 18 18 18 18 20 20 18 18 18 18 18 20 18 18 20 20 18 18 18 20 20 20 20 20 18 18 20 18 18 20 20 20 20 20 20 18 18 20 20 20 18 18 20 20 18 20 18 18 
18 20 20 20 18 18 18 20 18 18 20 20 20 20 20 20 20 18 20 20 18 18 18 20 18 18 18 20 18 18 18 18 20 18 20 20 18 18 20 18 18 20 20 18 20 20 18 20 18 18 18 18 18 18 20 18 20 20 20 18 20 18 18 20 20 18 18 20 18 20 18 20 20 20 18 20 20 18 20 20 18 20 18 18 20 20 18 18 20 18 18 20 18 20 20 20 18 18 18 20 18 20 20 20 18 20 20 20 20 18 18 20 20 20 20 18 20 20 20 18 18 18 18 18 18 20 20 20 18 18 20 20 20 18 20 18 20 18 18 20 20 20 18 18 18 18 18 18 20 20 20 20 18 18 18 20 20 18 20 20 18 18 20 20 18 18 18 
18 20 20 18 20 20 20 18 20 20 18 18 20 20 20 20 18 18 18 20 20 20 20 18 18 20 20 20 18 18 18 20 20 20 18 18 18 20 18 18 18 18 18 20 18 18 18 18 20 18 18 20 20 18 20 20 18 18 20 20 20 18 20 18 20 18 18 18 18 20 20 20 20 20 18 18 18 20 18 20 18 20 20 20 20 20 18 20 20 20 18 18 20 18 20 18 20 18 18 18 20 18 20 20 18 20 18 18 18 18 18 18 20 20 18 20 18 20 18 18 18 18 18 18 20 20 20 20 20 18 18 20 20 20 20 18 20 20 18 20 18 20 20 18 20 20 20 18 20 18 20 18 18 20 20 18 18 18 20 18 18 20 20 18 18 18 18 
18 18 18 20 20 20 20 18 18 20 20 18 20 20 20 20 18 18 18 20 20 18 20 18 20 18 18 18 18 20 20 20 20 18 18 20 18 20 20 18 20 18 20 20 20 18 20 20 20 20 20 20 18 18 18 20 18 20 20 18 20 18 18 20 18 18 18 20 20 20 18 18 20 20 20 18 20 18 18 20 20 20 20 20 18 18 20 18 20 20 18 18 18 20 20 18 20 20 18 18 18 18 18 20 18 20 20 18 20 18 18 20 18 18 20 20 20 20 18 20 20 20 18 18 20 20 18 20 18 20 20 18 20 18 18 18 20 18 20 20 20 18 18 18 20 20 20 20 20 18 18 20 20 20 20 18 20 18 20 18 18 18 20 18 20 20 20 
18 18 18 18 20 20 18 20 20 20 20 20 20 18 18 20 20 20 18 18 20 20 18 18 18 18 20 20 18 18 20 20 20 20 20 20 18 20 18 20 18 20 18 18 18 18 18 18 20 20 18 18 20 20 18 18 20 18 20 20 18 20 18 20 20 20 20 18 18 18 18 20 20 18 20 18 20 18 18 18 20 18 18 18 20 18 20 18 18 18 18 20 20 18 20 20 18 20 20 18 18 18 18 18 20 18 20 18 18 18 20 18 18 18 18 20 18 20 18 20 20 20 18 20 18 18 18 20 18 20 18 18 20 18 20 20 20 18 18 18 20 18 20 20 20 18 18 20 18 18 18 18 20 20 20 20 20 20 18 18 20 18 18 20 20 18 20 
20 20 18 20 20 20 18 20 18 20 18 18 18 18 18 20 20 20 20 18 18 20 20 18 20 20 20 18 20 18 20 18 20 18 18 20 20 18 20 20 18 20 20 18 20 20 18 18 20 18 20 18 18 20 20 18 20 18 20 20 18 18 18 18 18 20 20 18 20 18 20 18 20 18 20 18 20 18 20 20 18 18 18 20 18 18 20 20 18 18 20 20 18 18 18 20 18 18 20 20 20 20 20 18 18 18 20 18 18 20 20 18 20 20 20 18 20 20 18 20 18 18 20 18 20 20 20 18 18 20 20 18 20 18 18 18 18 18 20 20 18 18 18 18 20 20 18 20 18 20 20 20 20 20 18 20 18 18 20 20 18 18 18 20 20 18 18 
18 20 18 18 20 18 20 18 20 20 18 18 18 20 20 18 20 18 20 20 18 18 18 20 20 18 20 18 20 18 18 20 20 20 20 20 20 18 20 20 20 20 18 18 20 18 18 20 18 18 20 20 18 20 20 20 18 20 20 20 20 20 18 20 18 18 18 20 20 20 18 20 20 20 20 18 18 20 18 20 18 18 18 20 18 18 18 20 18 20 20 20 20 20 20 18 18 20 20 18 18 20 20 18 20 20 20 20 20 18 20 20 20 18 20 20 20 18 20 20 18 20 18 18 18 20 20 20 18 20 20 18 18 18 18 18 20 20 20 20 20 20 20 20 20 18 20 20 18 18 20 20 20 18 20 18 20 20 18 20 18 20 18 18 18 20 20 
20 20 20 18 18 18 18 20 20 20 18 18 20 20 20 18 20 20 20 20 18 18 18 20 18 18 20 18 18 20 20 20 20 20 18 20 20 18 20 20 18 18 18 20 18 18 18 18 20 20 18 18 18 18 18 18 20 18 18 18 20 18 20 20 20 18 18 20 20 20 18 18 20 18 18 18 20 20 20 20 18 18 18 20 20 18 20 18 20 20 20 20 20 20 18 20 20 20 20 20 18 18 20 18 20 18 20 18 18 18 18 18 20 20 18 18 18 20 20 18 20 20 18 20 20 18 20 20 18 20 20 20 20 20 20 18 18 20 20 20 20 20 18 20 18 20 18 18 18 18 18 18 18 18 18 20 18 18 20 18 20 18 20 18 20 18 20 
20 18 20 18 18 20 20 18 18 20 18 20 20 18 20 20 18 18 18 18 18 18 20 18 18 20 20 20 18 20 18 18 18 20 18 20 20 18 18 18 18 18 20 20 20 20 18 18 18 20 18 18 20 20 20 18 18 18 18 20 18 18 20 18 18 20 20 20 20 20 20 20 18 18 20 20 20 18 20 18 18 20 18 20 18 18 20 18 18 18 20 20 20 20 20 20 18 18 20 20 18 20 18 18 18 18 18 20 20 18 20 20 20 18 18 18 18 20 20 18 18 20 20 20 18 20 18 20 20 20 18 18 18 18 20 18 20 18 18 18 18 20 20 20 18 18 18 20 20 20 18 20 20 20 18 18 18 18 20 18 20 20 18 18 18 18 20 
18 20 20 20 18 20 18 20 20 20 20 20 18 20 18 20 18 20 20 18 18 18 18 18 20 20 18 20 20 18 20 18 18 20 18 20 20 18 20 20 18 18 18 18 20 18 18 18 20 20 20 18 18 20 20 18 20 18 20 20 20 20 18 18 18 18 20 18 20 18 20 18 20 20 20 20 18 20 18 20 20 20 18 18 20 18 18 18 20 18 20 20 18 18 18 18 18 18 18 18 18 18 20 18 20 20 20 20 20 18 20 20 20 20 18 18 20 18 20 18 20 18 20 20 20 20 20 18 18 18 18 18 20 20 20 18 18 18 20 18 20 18 18 18 20 20 20 20 20 20 20 20 20 18 18 20 20 20 18 20 20 18 20 20 20 20 20 
18 20 20 18 18 18 18 18 20 18 18 20 18 18 20 18 20 18 18 18 20 20 20 20 20 20 20 18 20 20 20 18 20 18 18 20 18 20 20 18 18 20 18 18 20 18 18 18 18 18 20 18 20 18 18 20 18 20 20 18 18 18 18 18 18 20 18 18 18 18 18 20 18 18 18 18 20 20 18 20 20 18 18 20 20 20 20 18 18 20 20 18 18 18 18 20 18 20 20 20 20 18 20 20 18 20 18 20 20 20 20 18 18 20 20 18 20 18 18 18 18 20 20 18 20 20 18 18 18 18 18 18 20 18 18 18 18 20 18 18 18 20 20 20 20 20 20 18 20 18 20 20 18 18 18 18 20 18 20 18 18 18 18 20 18 20 20 
20 18 20 20 20 18 20 20 18 20 18 18 18 20 20 20 18 18 18 20 20 20 20 18 18 18 20 18 18 20 20 18 20 18 18 20 20 20 18 18 20 20 18 18 20 20 20 18 20 18 20 20 18 20 18 18 18 18 18 18 18 18 20 18 18 20 18 18 20 18 20 20 18 18 18 20 20 18 18 18 18 18 18 18 20 18 18 20 18 18 18 18 20 20 20 20 20 20 18 20 18 18 18 18 20 18 20 20 20 18 18 18 18 18 18 20 18 20 20 20 20 18 18 18 18 20 18 18 20 18 18 18 20 18 18 18 20 20 18 20 20 20 20 18 20 20 18 18 18 18 20 18 20 18 18 20 20 20 20 20 18 20 18 20 18 18 20 
20 18 20 18 20 18 20 18 20 20 20 20 18 20 20 20 20 20 20 18 18 20 20 20 20 20 18 18 20 18 20 18 20 18 20 18 20 20 20 20 20 18 18 18 18 20 18 18 20 20 18 20 18 20 18 20 18 18 20 20 20 18 18 18 18 20 18 20 18 18 20 18 20 18 20 18 18 20 18 18 20 18 20 18 20 20 20 18 20 18 18 20 20 20 20 18 20 20 20 18 18 18 18 18 20 20 20 18 18 20 18 18 18 20 18 20 18 18 18 18 20 18 18 20 18 20 18 20 20 18 20 20 20 20 18 20 18 20 18 18 18 20 20 18 18 20 20 18 20 18 18 18 18 20 20 20 18 20 20 20 18 18 18 18 18 20 20 
